10.660 35.190
10.873 34.571
11.087 35.286
11.300 36.333
11.513 36.286
11.726 32.238
11.939 33.048
12.153 32.810
12.366 38.667
12.579 43.286
12.792 46.190
13.005 37.857
13.219 34.286
13.432 27.905
13.645 27.619
13.858 29.190
14.071 30.714
14.285 32.286
14.498 31.762
14.711 32.000
14.924 28.762
15.137 29.190
15.351 26.524
15.564 32.381
15.777 32.238
15.990 37.000
16.204 44.190
16.417 48.762
16.630 49.810
16.843 49.619
17.056 43.238
17.270 43.619
17.483 43.476
17.696 41.429
17.909 41.333
18.122 36.476
18.336 36.762
18.549 38.952
18.762 34.762
18.975 30.857
19.188 27.143
19.402 21.333
19.615 22.810
19.828 25.143
20.041 26.238
20.254 28.143
20.468 30.524
20.681 29.143
20.894 28.429
21.107 25.048
21.320 24.857
21.534 31.381
21.747 38.286
21.960 48.524
22.173 52.000
22.386 49.524
22.600 47.619
22.813 50.571
23.026 46.571
23.239 47.810
23.452 42.905
23.666 38.762
23.879 39.286
24.092 46.238
24.305 47.571
24.518 42.762
24.732 36.000
24.945 28.286
25.158 21.857
25.371 28.952
25.584 31.714
25.798 30.429
26.011 29.429
26.224 27.333
26.437 24.952
26.651 29.000
26.864 29.857
27.077 25.762
27.290 27.714
27.503 31.429
27.717 28.857
27.930 32.476
28.143 37.190
28.356 32.762
28.569 35.952
28.783 36.619
28.996 26.905
29.209 27.810
29.422 28.571
29.635 28.429
29.849 30.238
30.062 31.238
30.275 28.095
30.488 29.000
30.701 31.190
30.915 31.857
31.128 28.810
31.341 24.143
31.554 27.952
31.767 32.619
31.981 36.333
32.194 35.952
32.407 33.714
32.620 26.381
32.833 29.238
33.047 26.905
33.260 22.762
33.473 25.190
33.686 28.000
33.899 25.429
34.113 30.190
34.326 27.143
34.539 27.143
34.752 33.667
34.965 38.810
35.179 42.619
35.392 51.952
35.605 49.762
35.818 49.429
36.031 48.238
36.245 46.190
36.458 41.714
36.671 38.333
36.884 29.571
37.098 24.905
37.311 24.952
37.524 29.238
37.737 30.905
37.950 32.333
38.164 30.381
38.377 30.286
38.590 28.048
38.803 31.714
39.016 29.952
39.230 29.095
39.443 31.238
39.656 31.714
39.869 28.524
40.082 31.190
40.296 25.571
40.509 22.667
40.722 23.714
40.935 23.857
41.148 23.333
41.362 25.952
41.575 22.000
41.788 21.190
42.001 22.762
42.214 24.000
42.428 26.429
42.641 27.952
42.854 27.524
43.067 28.905
43.280 32.333
43.494 29.190
43.707 29.524
43.920 28.810
44.133 26.143
44.346 24.619
44.560 26.952
44.773 28.429
44.986 29.810
45.199 31.381
45.412 31.286
45.626 31.000
45.839 30.143
46.052 31.048
46.265 30.333
46.478 30.714
46.692 32.476
46.905 30.238
47.118 26.381
47.331 26.619
47.545 30.381
47.758 30.619
47.971 32.810
48.184 31.143
48.397 27.571
48.611 22.667
48.824 25.619
49.037 29.286
49.250 38.095
49.463 47.619
49.677 55.619
49.890 50.476
50.103 45.619
50.316 38.952
50.529 30.095
50.743 27.429
50.956 31.429
51.169 29.762
51.382 30.143
51.595 32.810
51.809 30.619
52.022 35.000
52.235 36.667
52.448 33.857
52.661 32.143
52.875 31.000
53.088 30.857
53.301 30.762
53.514 29.476
53.727 26.952
53.941 24.048
54.154 22.810
54.367 25.714
54.580 26.333
54.793 30.095
55.007 31.286
55.220 29.190
55.433 25.333
55.646 23.667
55.859 25.524
56.073 34.952
56.286 38.619
56.499 40.810
56.712 38.429
56.925 33.381
57.139 28.762
57.352 31.238
57.565 26.667
57.778 26.381
57.992 28.238
58.205 26.333
58.418 23.429
58.631 24.238
58.844 21.524
59.058 23.762
59.271 28.381
59.484 32.476
59.697 32.857
59.910 34.143
60.124 31.476
60.337 30.714
60.550 30.667
60.763 33.381
60.976 31.381
61.190 33.714
61.403 34.333
61.616 32.524
61.829 31.667
62.042 33.810
62.256 33.143
62.469 36.857
62.682 37.095
62.895 32.000
63.108 24.952
63.322 25.476
63.535 26.238
63.748 26.095
63.961 28.190
64.174 27.429
64.388 28.381
64.601 36.952
64.814 42.095
65.027 41.048
65.240 51.810
65.454 56.524
65.667 64.857
65.880 68.857
66.093 64.905
66.306 63.810
66.520 68.095
66.733 67.429
66.946 65.333
67.159 54.762
67.372 43.571
67.586 42.381
67.799 41.524
68.012 45.905
68.225 47.905
68.439 49.714
68.652 50.714
68.865 53.381
69.078 49.619
69.291 51.190
69.505 50.952
69.718 61.095
69.931 62.952
70.144 61.952
70.357 57.238
70.571 59.810
70.784 58.286
70.997 65.810
71.210 61.571
71.423 58.286
71.637 61.905
71.850 63.857
72.063 57.524
72.276 54.190
72.489 47.810
72.703 52.714
72.916 54.333
73.129 51.667
73.342 55.810
73.555 55.762
73.769 49.571
73.982 48.619
74.195 37.952
74.408 35.190
74.621 44.857
74.835 52.524
75.048 53.905
75.261 50.143
75.474 39.381
75.687 36.238
75.901 36.095
76.114 35.619
76.327 34.619
76.540 31.667
76.753 22.905
76.967 24.286
77.180 28.524
77.393 28.238
77.606 27.381
77.819 27.000
78.033 22.857
78.246 24.333
78.459 26.095
78.672 24.476
78.886 21.714
79.099 24.762
79.312 26.714
79.525 28.571
79.738 27.476
79.952 24.095
80.165 24.810
80.378 29.190
80.591 30.000
80.804 32.667
81.018 28.714
81.231 23.762
81.444 22.571
81.657 24.429
81.870 25.381
82.084 28.524
82.297 30.333
82.510 30.762
82.723 28.429
82.936 26.857
83.150 26.524
83.363 26.714
83.576 31.048
83.789 36.810
84.002 38.905
84.216 36.048
84.429 31.143
84.642 26.238
84.855 23.048
85.068 23.714
85.282 27.762
85.495 31.286
85.708 28.714
85.921 35.048
86.134 35.333
86.348 34.810
86.561 33.857
86.774 30.048
86.987 24.762
87.200 29.286
87.414 27.571
87.627 30.429
87.840 32.000
88.053 33.762
88.266 37.476
88.480 37.571
88.693 37.524
88.906 43.857
89.119 43.810
89.333 42.524
89.546 43.810
89.759 38.000
89.972 34.571
90.185 36.381
90.399 33.238
90.612 29.524
90.825 32.762
91.038 31.857
91.251 28.714
91.465 26.286
91.678 26.762
91.891 25.095
92.104 25.000
92.317 25.714
92.531 27.667
92.744 30.762
92.957 36.143
93.170 37.048
93.383 35.143
93.597 34.381
93.810 37.286
94.023 38.333
94.236 42.429
94.449 41.095
94.663 39.571
94.876 38.381
95.089 41.190
95.302 38.571
95.515 41.048
95.729 35.810
95.942 32.476
96.155 32.048
96.368 34.048
96.581 31.286
96.795 33.762
97.008 35.190
97.221 36.143
97.434 35.905
97.647 30.952
97.861 27.333
98.074 24.571
98.287 27.619
98.500 29.810
98.713 28.333
98.927 24.810
99.140 26.524
99.353 24.381
99.566 26.714
99.780 32.381
99.993 30.048
100.206 31.857
100.419 30.571
100.632 26.381
100.846 23.762
101.059 24.476
101.272 21.333
101.485 25.667
101.698 27.000
101.912 29.143
102.125 29.381
102.338 28.333
102.551 29.571
102.764 26.810
102.978 29.381
103.191 31.048
103.404 31.571
103.617 29.476
103.830 28.524
104.044 25.381
104.257 27.619
104.470 31.048
104.683 36.143
104.896 33.762
105.110 35.571
105.323 35.619
105.536 34.095
105.749 32.952
105.962 31.429
106.176 27.333
106.389 30.381
106.602 28.667
106.815 30.286
107.028 31.190
107.242 31.524
107.455 30.810
107.668 30.476
107.881 25.571
108.094 23.905
108.308 25.190
108.521 26.714
108.734 29.048
108.947 32.524
109.160 30.762
109.374 28.810
109.587 29.857
109.800 29.095
110.013 29.190
110.227 31.476
110.440 30.476
110.653 30.333
110.866 31.190
111.079 32.571
111.293 31.429
111.506 30.667
111.719 30.143
111.932 28.381
112.145 27.905
112.359 31.905
112.572 31.190
112.785 28.476
112.998 26.190
113.211 32.524
113.425 35.762
113.638 41.571
113.851 38.143
114.064 34.190
114.277 30.000
114.491 32.762
114.704 32.333
114.917 31.619
115.130 25.048
115.343 26.952
115.557 32.905
115.770 32.714
115.983 35.762
116.196 37.571
116.409 34.905
116.623 38.381
116.836 45.905
117.049 46.286
117.262 47.048
117.475 50.571
117.689 49.429
117.902 47.762
118.115 42.952
118.328 39.714
118.541 35.905
118.755 37.048
118.968 32.238
119.181 28.429
119.394 26.000
119.607 26.905
119.821 30.333
120.034 35.571
120.247 34.714
120.460 37.619
120.674 38.095
120.887 38.524
121.100 39.548
121.313 38.905
121.526 35.262
